21
38 47 83 21 36 59 17 94 12 32 55 44 78 91 3 67 14 29 50 81 9
72 15 63 88 5 41 96 27 68 33 79 22 56 10 84 19 45 71 2 53 98
26 59 14 77 30 82 11 66 39 95 7 48 23 87 52 18 73 4 61 90 35
49 76 21 58 93 6 31 85 20 64 13 89 37 72 16 54 99 25 70 8 43
65 92 28 53 19 74 40 97 1 46 81 24 60 35 79 12 57 34 88 5 69
13 80 45 9 62 27 91 44 78 22 67 3 50 96 31 75 18 52 87 11 36
54 89 32 70 15 58 24 83 47 99 16 61 28 74 8 42 97 23 68 4 51
20 63 7 41 86 12 55 29 90 35 71 17 46 81 5 66 30 95 19 52 77
38 73 10 56 21 79 34 98 2 60 25 84 49 14 69 33 88 6 43 91 26
62 17 48 93 8 37 72 13 57 32 86 1 54 29 75 20 64 39 94 7 42
28 53 89 24 70 15 61 36 82 9 47 12 78 43 98 18 55 30 85 11 66
14 49 84 5 31 76 22 67 40 95 3 58 23 88 53 19 74 35 90 6 41
79 25 60 16 92 48 83 28 63 10 54 99 34 69 4 45 80 26 51 87 2
33 68 13 59 24 85 50 15 71 36 97 22 57 12 78 43 89 8 64 29 94
9 44 79 35 70 1 56 31 86 21 62 17 47 82 27 73 38 93 18 53 88
19 64 30 95 11 46 81 26 57 2 72 37 92 7 52 87 32 67 23 78 43
50 85 20 55 10 75 40 96 15 61 36 81 6 46 91 26 71 17 52 97 32
68 3 58 23 89 34 79 14 49 84 19 54 99 30 65 10 45 80 25 60 95
21 56 91 6 42 87 22 67 33 98 8 63 28 74 39 84 4 59 14 49 94
35 70 16 51 96 31 76 11 46 81 26 72 37 92 2 57 22 87 53 18 68
84 19 54 99 25 60 5 40 95 20 65 10 45 80 15 50 85 30 75 1 36
61 26 71 16 52 87 32 77 12 47 82 27 63 8 43 98 23 58 13 48 93
37 72 7 42 97 22 57 2 67 33 88 18 53 78 13 48 83 28 63 9 44
99 14 49 84 29 64 19 54 89 4 39 74 9 34 79 24 59 94 8 43 98
25 60 95 10 45 80 15 50 85 30 70 5 40 75 20 55 90 35 65 0 29
64 19 54 99 24 59 4 39 94 9 34 79 14 49 84 29 64 99 24 59 94
8 43 88 33 78 13 48 83 28 63 18 53 98 23 58 3 38 73 18 53 88
22 57 92 27 62 17 52 87 32 77 12 47 82 7 42 97 22 67 2 37 72
36 81 26 61 16 51 86 21 56 91 6 41 76 11 46 81 26 61 16 51 86
80 15 50 85 30 75 20 55 90 35 70 5 40 75 20 55 90 35 70 5 40
94 9 44 89 34 79 14 49 84 29 64 19 54 99 24 59 94 9 44 89 34
18 53 88 23 58 3 38 73 18 53 88 3 38 73 8 43 78 13 48 83 28
62 17 52 87 32 77 12 47 82 27 62 17 52 87 32 77 12 47 82 27 62
96 21 56 91 6 41 76 11 46 81 26 61 16 51 86 21 56 91 6 41 76
30 75 20 55 90 35 70 5 40 75 20 55 90 35 70 5 40 75 20 55 90
64 19 54 99 24 59 94 9 44 89 34 79 14 49 84 29 64 99 24 59 94
88 3 38 73 8 43 78 13 48 83 28 63 18 53 98 23 58 3 38 73 18
22 67 12 47 82 27 62 17 52 87 32 77 12 47 82 27 62 17 52 87 32
56 91 6 41 76 11 46 81 26 61 16 51 86 21 56 91 6 41 76 11 46
90 35 70 5 40 75 20 55 90 35 70 5 40 75 20 55 90 35 70 5 40
24 59 94 9 44 89 34 79 14 49 84 29 64 99 24 59 94 9 44 89 34
58 3 38 73 8 43 78 13 48 83 28 63 18 53 98 23 58 3 38 73 8
